
d
2265.517578
9132.683594
-5179.014648
-3936.489258
-5030.480957
-4694.326172
1677.609741
3859.655518
10241.650391
1869.502930
12018.846680
10653.331055
-10105.546875
-2464.845947

A
-59.705589   9.014476
-15.862129   -90.624733
83.555611   -27.019539
83.158020   9.412567
-6.273468   91.173241
20.623199   68.064400
-68.599564   15.948448
-101.505630   1.326157
-86.393791   -19.655983
-48.253525   -57.078770
41.946411   -112.137718
-19.285324   -92.867264
104.209702   15.256577
75.621033   -6.496674

A_t
-59.705589   -15.862129   83.555611   83.158020   -6.273468   20.623199   -68.599564   -101.505630   -86.393791   -48.253525   41.946411   -19.285324   104.209702   75.621033   9.014476   -90.624733   -27.019539   9.412567   91.173241   68.064400   15.948448   1.326157   -19.655983   -57.078770   -112.137718   -92.867264   15.256577   -6.496674   
A_mul
61689.050781   1665.652344
1665.652344   47432.710938

A_inverse
0.000016   -0.000001
-0.000001   0.000021

temp
-0.000974   -0.000206   0.001371   0.001344   -0.000154   0.000296   -0.001122   -0.001648   -0.001391   -0.000750   0.000745   -0.000260   0.001682   0.001231   0.000224   -0.001903   -0.000618   0.000151   0.001928   0.001425   0.000376   0.000086   -0.000366   -0.001177   -0.002390   -0.001949   0.000263   -0.000180   
pos
-54.834316   -87.336113
