
d
1515.213745
6980.696777
-8149.450684
-2222.697266
-302.049652
-887.257996
1712.342896
2648.562012
3825.727051
973.848755
10495.363281
8333.220703
-9130.084961
-6945.242188

A
-59.705589   9.014476
-15.862129   -90.624733
83.555611   -27.019539
83.158020   9.412567
-6.273468   91.173241
20.623199   68.064400
-68.599564   15.948448
-101.505630   1.326157
-86.393791   -19.655983
-48.253525   -57.078770
41.946411   -112.137718
-19.285324   -92.867264
104.209702   15.256577
75.621033   -6.496674

A_t
-59.705589   -15.862129   83.555611   83.158020   -6.273468   20.623199   -68.599564   -101.505630   -86.393791   -48.253525   41.946411   -19.285324   104.209702   75.621033   9.014476   -90.624733   -27.019539   9.412567   91.173241   68.064400   15.948448   1.326157   -19.655983   -57.078770   -112.137718   -92.867264   15.256577   -6.496674   
A_mul
61689.050781   1665.652344
1665.652344   47432.710938

A_inverse
0.000016   -0.000001
-0.000001   0.000021

temp
-0.000974   -0.000206   0.001371   0.001344   -0.000154   0.000296   -0.001122   -0.001648   -0.001391   -0.000750   0.000745   -0.000260   0.001682   0.001231   0.000224   -0.001903   -0.000618   0.000151   0.001928   0.001425   0.000376   0.000086   -0.000366   -0.001177   -0.002390   -0.001949   0.000263   -0.000180   
pos
-47.884594   -54.241207
