-25.042725  -42.272949
12.182617  -32.244873
62.487793  39.172363
-9.204102  -2.172852
-29.760742  34.863281
-91.790771  -51.831055
-36.578369  66.864014
-54.815674  -64.410400
14.343262  -50.048828
-37.835693  -35.607910
53.149414  -35.498047
5.657959  -67.736816
-24.829102  -40.594482
24.371338  6.860352
-63.861084  -8.612061
-23.638916  29.339600
-33.422852  6.854248
8.453369  -98.895264
36.584473  -27.429199
89.190674  10.009766
2.221680  -38.555908
-23.498535  52.258301
-35.156250  -0.384521
-98.541260  -93.756104
74.511719  -18.878174
49.224854  -85.382080
-91.149902  56.408691
18.566895  30.786133
58.496094  0.897217
-58.892822  -13.867188
50.494385  -30.084229
41.613770  -65.808105
40.771484  -53.851318
-79.449463  -72.015381
7.049561  85.986328
-59.887695  86.871338
73.382568  70.886230
-4.937744  9.069824
97.564697  70.117188
49.591064  86.120605
-47.265625  21.038818
-78.619385  75.579834
34.289551  33.233643
94.281006  -11.859131
23.510742  22.729492
40.655518  45.489502
39.050293  -17.504883
34.783936  -34.918213
7.550049  -4.418945
-61.431885  -71.881104
-15.313721  -2.960205
-59.313965  87.048340
57.788086  -9.039307
-69.458008  -31.353760
-38.555908  -71.203613
88.244629  29.174805
37.139893  -44.708252
-28.155518  -82.354736
68.377686  28.240967
83.056641  -96.386719
22.399902  18.310547
-7.214355  25.610352
29.772949  95.202637
7.666016  16.589355
33.178711  -93.627930
58.837891  -37.487793
36.523438  -45.379639
-5.725098  -49.566650
-14.227295  80.706787
-44.165039  62.292480
12.573242  57.348633
22.369385  -29.400635
72.113037  0.732422
0.073242  92.419434
-93.707275  5.920410
-58.630371  -42.297363
-36.383057  -87.701416
73.529053  -51.586914
6.903076  5.334473
-81.677246  64.550781
40.155029  -39.013672
83.953857  73.382568
85.864258  38.842773
-89.495850  98.175049
43.902588  30.407715
50.091553  2.545166
-36.682129  -31.286621
-36.865234  26.861572
-41.717529  -94.543457
11.785889  32.763672
99.444580  -37.969971
-68.017578  12.188721
-88.134766  -39.404297
-34.844971  17.071533
10.906982  41.473389
31.054688  -33.959961
-92.755127  -26.843262
22.753906  84.228516
-87.756348  -38.909912
5.242920  32.659912
-25.000000  61.596680
-1.275635  83.215332
-17.730713  7.080078
-72.027588  -4.339600
-47.454834  -51.190186
18.939209  -47.210693
55.499268  -76.428223
23.870850  10.083008
88.079834  -49.633789
-43.804932  16.015625
-61.474609  -36.572266
-83.581543  59.387207
69.464111  87.841797
90.319824  -0.219727
-48.547363  63.989258
-99.395752  -62.469482
78.137207  -72.943115
-6.634521  -20.654297
94.293213  -52.117920
40.570068  -44.042969
68.029785  -58.618164
39.752197  47.863770
38.372803  -51.202393
92.297363  -24.346924
69.470215  0.018311
-58.575439  -89.086914
-57.275391  -37.744141
51.232910  -35.821533
-81.939697  -18.731689
-92.004395  6.030273
95.532227  -78.588867
-75.042725  77.679443
8.636475  -89.184570
31.933594  -52.758789
-19.512939  -2.185059
-69.140625  67.944336
74.121094  25.030518
98.687744  94.592285
-31.768799  -72.796631
-81.256104  14.422607
-10.528564  -40.789795
21.862793  48.687744
32.745361  60.278320
18.542480  -18.762207
0.555420  60.906982
-96.636963  70.208740
92.773438  -61.505127
-87.066650  -0.744629
-21.929932  28.161621
-81.439209  24.444580
-21.795654  -5.175781
-64.984131  -26.904297
96.453857  72.839355
26.452637  50.842285
21.490479  -20.446777
-9.045410  -86.846924
-62.207031  8.850098
-95.214844  -42.480469
74.060059  -88.934326
-92.346191  92.645264
20.697021  65.472412
-89.733887  -59.197998
-52.282715  -48.394775
5.383301  -70.355225
-45.739746  25.628662
63.665771  29.754639
81.042480  8.081055
95.471191  -5.902100
16.918945  89.160156
60.009766  55.718994
30.816650  57.836914
-97.070313  -60.137939
-39.630127  61.090088
-96.276855  -53.173828
-11.602783  -0.585938
-85.870361  -38.262939
38.507080  64.941406
-31.213379  -52.453613
-78.845215  28.375244
49.444580  -22.503662
61.279297  -19.000244
83.886719  -36.773682
-61.132813  -61.956787
-39.080811  -65.081787
73.638916  9.582520
42.578125  29.583740
85.125732  -54.687500
-45.086670  43.817139
59.411621  -40.655518
-61.547852  -92.718506
-46.264648  41.406250
-60.229492  -66.912842
70.239258  60.540771
-74.731445  1.434326
-69.873047  67.681885
-1.525879  -67.309570
-20.544434  -96.691895
2.124023  6.146240
57.775879  -83.605957
-13.726807  80.755615

0.131743  -3.905490
34.986336  -8.755711
41.196259  48.913540
2.929356  39.654842
-44.587288  46.263676
-45.382622  -11.256482
-37.342323  -42.810001
1.258260  -44.855667
55.446655  -48.317215
83.395363  -47.842484
92.762520  -1.737981
89.822189  51.500839
91.153236  90.642441
48.158436  98.141693
8.658323  87.032890

-7.949054  -20.418932
12.989958  -16.480167
53.880295  34.592972
-0.409080  7.284902
-18.220013  28.074215
-59.139313  -30.206539
-23.301325  48.724056
-24.146708  -34.691555
16.385714  -26.942083
-17.877310  -17.571056
41.125729  -24.136105
7.979449  -41.986752
-6.664003  -20.281834
24.129566  10.163290
-43.777691  -0.633207
-11.738063  24.823874
-19.591702  9.939981
11.614665  -60.683792
31.954514  -15.680943
70.307426  9.725979
7.074284  -23.744724
-11.884038  47.588661
-17.001671  4.300327
-69.114105  -47.789307
58.199654  -15.420294
42.141434  -51.751678
-64.350883  39.237442
19.058590  25.538719
48.089725  1.391566
-35.063515  -4.606549
41.674618  -17.564310
36.379105  -40.683086
33.027435  -31.286802
-38.271191  -39.283760
7.842497  66.734718
-42.173763  62.909695
60.374828  57.677967
3.834713  13.141146
81.307205  59.533665
40.958023  69.913704
-28.904030  22.709208
-48.725296  59.433987
31.446072  26.569374
72.026421  -10.259726
27.397358  22.484905
38.515297  36.789040
30.512333  -11.919830
27.099857  -21.129950
13.085654  3.549989
-32.032089  -38.278099
-3.092062  6.651117
-42.285522  63.341202
46.970211  -2.291283
-38.342896  -11.206826
-16.444633  -43.118237
70.395149  27.215496
29.745052  -25.932037
-13.167989  -45.366188
55.591953  27.131096
61.580429  -55.541489
25.313049  20.075195
1.060437  24.330954
26.571659  72.434883
13.448133  18.212379
27.398857  -51.444351
46.736195  -25.289322
29.649424  -26.518187
1.313261  -30.364462
-5.720893  62.080658
-28.988052  52.533478
15.210291  44.613171
19.172239  -15.481258
59.152859  2.955107
6.101406  70.139297
-63.301296  7.705224
-32.216766  -25.943100
-17.496836  -50.494949
52.151546  -35.976318
12.993520  12.881039
-53.231964  46.063736
31.205891  -24.902798
68.261833  57.258236
69.532600  32.909821
-63.683681  71.755981
37.638000  24.182896
43.855453  5.268550
-15.990458  -14.194773
-18.010498  25.283560
-20.529709  -55.488247
14.646344  27.975153
72.898323  -29.273392
-44.610245  13.972559
-52.116669  -19.702759
-21.100159  18.552961
13.150415  34.453007
26.201431  -19.889404
-57.029400  -16.179705
20.708349  65.294594
-52.052193  -19.891712
11.672487  28.997911
-12.958544  45.974079
3.960025  64.988770
-6.893046  11.494563
-47.897789  2.765146
-22.145405  -26.225733
18.040892  -23.672241
40.478230  -53.420906
23.967360  11.505351
65.912750  -36.170464
-25.931572  17.636425
-34.752449  -20.414450
-57.279671  50.146152
54.387329  70.744377
70.856010  2.045444
-32.235889  50.555260
-59.673721  -32.399300
59.726303  -49.684860
1.979006  -3.530448
72.479317  -31.753756
34.060776  -23.081181
52.506939  -40.932156
37.391266  37.008442
31.825914  -28.410770
70.031815  -17.759415
57.950729  3.335799
-32.194935  -50.187511
-31.923147  -19.626263
41.581245  -23.826836
-54.531811  -7.631568
-63.245678  11.732800
73.002632  -48.909836
-49.657154  58.298141
14.935348  -57.364933
29.829157  -29.387007
-6.262136  4.976908
-43.068676  55.942822
59.731613  23.550516
80.438797  77.504524
-14.201355  -45.260300
-54.912872  17.747698
-0.563721  -22.814310
23.572456  39.537148
28.910936  49.558041
17.791838  -10.066458
3.806283  49.203964
-65.472702  51.117405
67.418900  -35.892048
-56.910172  7.557750
-9.718105  26.006557
-53.376839  30.150686
-7.951579  3.595208
-35.104290  -5.703828
79.266655  61.904552
24.510534  40.587734
19.702181  -10.108990
0.114194  -55.388271
-39.585339  13.166420
-57.659496  -24.603872
59.810101  -60.005424
-65.623825  64.271530
18.727499  51.076374
-57.276375  -35.958492
-28.366936  -25.882645
10.253983  -42.849655
-26.296066  25.339367
58.014336  25.077995
63.758820  9.401839
74.049004  -5.000898
14.018136  68.446442
48.864929  45.246372
28.463490  47.672153
-58.243866  -30.104698
-24.447147  52.485130
-53.757244  -27.449881
-1.157290  8.600374
-51.728573  -17.536722
32.762089  53.912556
-7.994685  -26.496666
-50.204025  35.216034
39.533607  -12.047606
49.945217  -10.864606
64.475365  -28.841381
-33.855392  -33.235588
-14.532272  -37.576984
56.091965  9.735332
37.509579  24.529049
63.292530  -37.996269
-23.840332  34.852940
46.602432  -27.882898
-34.554546  -53.154011
-26.151659  31.379042
-30.106621  -34.894691
59.127930  49.167747
-51.577499  11.130202
-43.844704  56.201576
0.182614  -43.556492
-13.039470  -66.110901
10.119115  10.209735
44.179611  -53.840656
-5.912658  62.866020

-27.393044  -46.925522
10.883619  -30.527931
62.568260  40.166775
-8.433261  -1.279783
-27.862947  35.123936
-21.352251  0.324699
-31.903891  64.642082
1.160891  -22.491989
14.097383  -49.887356
-36.637157  -37.128273
52.392616  -35.997524
2.579204  -71.523842
-27.830696  -45.362915
24.356140  6.467289
-61.156796  -7.226961
-22.156700  29.621305
-32.013142  8.359477
11.509731  -101.031288
36.332497  -27.556135
88.712395  9.469617
1.875588  -38.751255
-20.485708  50.651859
-34.861740  1.334041
-41.643795  -35.582733
74.643707  -19.685274
47.040009  -84.678429
-80.055275  54.171722
19.270031  31.569258
58.272911  0.348282
-58.299408  -13.812452
49.711758  -30.495785
40.706100  -64.828438
39.744873  -54.096138
-6.987518  -12.509584
6.795215  87.444458
-45.664913  79.824432
74.180031  71.927856
-3.716186  9.706599
97.513626  70.328407
49.217003  87.046234
-44.864967  20.904884
-57.397533  66.661369
34.952412  33.278961
95.532494  -11.403156
24.704483  23.183401
40.192867  45.731266
38.269970  -17.995052
33.637062  -35.197937
7.536438  -4.839297
2.853432  -29.438152
-14.946088  -1.737948
-47.637066  80.047127
57.478016  -9.134431
-39.704887  -13.099771
3.208618  -45.217163
88.046310  28.687967
36.301624  -44.362480
15.478553  -58.507988
68.566505  28.006430
79.483467  -96.208298
23.161951  18.518703
-5.696410  26.302370
28.831816  95.684883
9.328294  16.549023
34.208389  -94.401665
58.032017  -37.638340
36.023453  -45.173939
-6.352463  -52.671989
-12.386216  80.625298
-38.458076  61.730972
13.177248  57.915283
21.919849  -29.899052
72.179413  0.691429
-0.774411  93.616325
-70.888733  24.608942
-27.264212  -23.793781
22.012039  -51.017555
72.931076  -51.761364
8.175893  4.621026
-69.224449  61.362316
39.313271  -39.013527
83.739143  73.721687
86.996490  38.340626
-1.337924  48.979767
44.092110  30.150160
50.488457  2.116971
-40.401909  -35.182648
-35.148998  27.396616
27.128937  -46.143326
12.756985  32.486156
100.571785  -37.750965
-72.390594  8.582536
-20.312456  9.400126
-31.998262  19.009916
10.977882  41.578560
30.312731  -34.266876
-33.797646  18.301989
23.606129  85.775230
-20.808661  9.749750
6.155910  33.050976
-21.135662  60.285259
-1.432885  84.182755
-16.515333  8.543530
-64.826988  0.725639
-19.397444  -35.011944
18.401108  -47.232014
53.928242  -75.716377
24.894022  9.691200
88.135971  -49.778824
-41.313934  16.056393
-33.406731  -20.332525
-74.391556  58.068134
69.409874  87.878326
90.127037  -0.327892
-43.132282  62.967812
-32.298950  -4.705248
76.284973  -72.290672
-5.647182  -20.307659
94.476608  -52.729881
39.816265  -44.241367
67.324005  -57.951694
39.761829  48.056931
37.274723  -51.400227
91.887360  -23.672255
69.708107  -0.795729
4.272000  -48.127415
-31.942169  -24.448330
50.376255  -35.801540
-47.391499  6.884565
-69.258377  24.767216
92.477654  -79.845840
-53.718510  64.592995
8.262662  -91.989998
30.707697  -52.810089
-18.372049  -0.209554
-59.657417  58.013031
74.305458  25.179213
100.396362  91.704086
5.656861  -52.307686
-79.701317  15.680762
-12.039485  -43.734840
22.398077  48.840336
33.230553  60.393459
18.527397  -18.202446
1.206743  60.795807
-57.959999  42.049606
91.621346  -61.356640
-64.652588  19.019516
-20.265312  29.556156
-85.207710  25.121864
-20.872286  -3.583271
-44.269283  -17.485813
95.822540  72.819817
26.737324  51.319855
20.303217  -21.135700
14.606795  -80.981064
-65.707466  5.781717
-27.469992  11.486734
72.512032  -88.234367
-43.109539  5.438418
21.171148  66.061264
-21.254473  -6.415601
-20.823927  -29.514883
3.261504  -74.110291
-44.634087  25.887918
64.158661  30.275379
80.840065  7.776359
96.151909  -5.711443
16.488150  89.164024
60.504143  55.232883
30.804386  58.050713
-29.130568  -4.745075
-35.080635  58.922691
-25.657711  0.676989
-10.723335  0.583030
-21.428711  11.497607
38.936451  64.569016
-23.056679  -51.896439
-83.254738  29.181307
49.061779  -22.204844
60.685867  -19.350071
83.179047  -37.205116
-4.894520  -22.508221
-3.803668  -43.795288
73.190712  9.585349
42.836075  29.692215
84.846390  -55.104195
-43.106956  43.975086
58.835381  -40.806404
1.096378  -52.105057
-41.652058  41.429722
-1.670194  -26.201778
70.436974  60.888973
-64.947075  8.270124
-60.239216  57.932766
-3.918667  -72.144753
27.081888  -70.839867
3.381836  6.158120
55.607372  -83.885902
-12.044906  80.986412
